
-358.29997232    20    1000        Sat Dec  7 12:42:43 2019    [7480, 9220, 5303, 2119, 3188, 11062, 1319, 7007, 6785, 5621, 2654, 6907, 2073, 856, 5391, 1495, 1374, 2289, 8289, 4447]
-426.219975519    20    10000        Sat Dec  7 13:01:05 2019    [2884, 9240, 3174, 784, 4011, 4260, 11091, 8139, 1496, 8330, 5840, 7931, 7388, 9481, 7048, 6244, 6178, 693, 5512, 2391]
-463.569977808    20    100000        Sat Dec  7 18:44:13 2019    [8289, 1497, 3188, 9089, 4303, 9564, 2391, 7048, 9302, 3956, 2654, 7564, 5842, 5610, 1547, 694, 7234, 4901, 7242, 2052]
-169.899981976    5    250000        Sun Dec  8 00:06:36 2019    [7290, 2344, 5467, 3174, 9257]
-289.469981575    10    250000        Sun Dec  8 02:06:29 2019    [6272, 4065, 6974, 4303, 5512, 2344, 7290, 3188, 694, 9257]
-486.719960117    20    250000        Sun Dec  8 06:16:19 2019    [2117, 9089, 9258, 3173, 5840, 7564, 6272, 694, 1445, 3956, 1493, 6974, 2654, 7338, 2344, 8289, 5512, 9564, 4373, 4303]
-632.609965181    30    250000        Mon Dec  9 11:17:18 2019    [1710, 4373, 5840, 2007, 6136, 8288, 6257, 1931, 11062, 7290, 3819, 4011, 1445, 1491, 6212, 3188, 6939, 9564, 7050, 4862, 2391, 9239, 7842, 5512, 2674, 9089, 4260, 693, 7233, 776]
-742.240028381    40    250000        Mon Dec  9 13:06:50 2019    [2654, 9257, 9089, 4373, 3189, 9211, 11017, 8756, 770, 3819, 7290, 4350, 5360, 5278, 8289, 5840, 2287, 7625, 7234, 2052, 908, 8371, 9532, 10419, 4011, 2390, 4818, 7930, 6244, 6379, 1465, 6293, 6083, 2884, 8389, 1901, 5649, 1710, 1497, 6974]
-846.459938741    50    250000        Mon Dec  9 13:48:56 2019    [4260, 9891, 8243, 6244, 7564, 3819, 6169, 7233, 9279, 8510, 693, 2117, 5227, 8058, 6419, 4373, 3765, 2678, 2225, 1448, 6840, 8915, 7971, 1496, 125, 6230, 5421, 9211, 1483, 11091, 5649, 763, 8770, 1931, 6555, 4945, 5801, 7339, 784, 4067, 7388, 2553, 9089, 3306, 1690, 2468, 9531, 8271, 6863, 5538]
-931.629919863    60    250000        Mon Dec  9 17:06:46 2019    [9886, 2594, 9351, 1931, 2225, 7433, 9924, 3123, 6421, 4065, 5479, 9236, 7138, 7673, 1337, 3719, 3819, 797, 7760, 5649, 6272, 7243, 7886, 4259, 6137, 694, 1527, 2858, 5121, 4862, 2674, 1223, 8289, 11226, 129, 11046, 6379, 771, 6259, 2678, 3189, 3454, 5627, 2052, 10289, 7007, 9114, 5391, 5996, 9375, 9649, 2344, 1534, 867, 8272, 3558, 7971, 419, 5706, 6319]
-1040.68997881    70    250000        Tue Dec 10 02:56:56 2019    [8698, 2410, 9816, 126, 1902, 5478, 6802, 8771, 3361, 9337, 9564, 1375, 5883, 4373, 693, 7596, 9111, 1496, 2657, 7886, 4438, 3512, 5237, 3002, 776, 10479, 6169, 2640, 1916, 419, 6373, 9303, 4368, 5391, 11076, 5611, 4770, 6231, 1465, 1710, 5840, 3174, 6272, 4350, 7564, 405, 3956, 8287, 4753, 2637, 6785, 738, 3718, 9089, 9886, 5208, 1964, 11225, 1190, 2976, 8096, 4740, 7287, 867, 7971, 6224, 362, 10131, 7233, 1316]
-1085.7399986    80    250000        Tue Dec 10 02:59:32 2019    [6959, 901, 945, 9337, 10089, 7627, 1637, 7863, 7148, 7138, 3450, 1466, 420, 4608, 4303, 6908, 9405, 8289, 7343, 2534, 9349, 6272, 8770, 2430, 2654, 6225, 11152, 118, 4013, 3381, 6804, 6614, 7840, 9839, 5627, 3819, 7971, 402, 6974, 7584, 3188, 8316, 1521, 856, 770, 6504, 707, 5478, 5512, 1732, 3635, 1902, 2912, 9220, 1496, 11003, 8371, 10393, 2293, 4901, 5892, 6110, 2118, 4485, 6379, 10300, 6451, 5619, 9871, 9502, 1737, 4368, 7290, 9071, 11222, 3085, 2013, 5226, 597, 5038]