
39430.6156326    14    3000    3    Fri Oct 11 20:53:29 2019
39272.4676981    18    3000    3    Fri Oct 11 20:58:56 2019
39495.6049548    12    3000    3    Fri Oct 11 20:59:01 2019
39155.2303603    20    3000    3    Fri Oct 11 21:02:36 2019
39353.388723    16    3000    3    Fri Oct 11 21:02:37 2019
39993.8467697    2    3000    3    Fri Oct 11 21:06:20 2019
39915.8068477    4    3000    3    Fri Oct 11 21:11:42 2019
39708.6117555    8    3000    3    Fri Oct 11 21:12:54 2019
39755.0338532    6    3000    3    Fri Oct 11 21:15:31 2019
39650.8697612    10    3000    3    Fri Oct 11 21:18:08 2019
38525.0173558    40    6000    3    Fri Oct 25 05:43:07 2019
38794.3150833    30    6000    3    Fri Oct 25 06:38:18 2019
37999.891926    60    6000    3    Mon Oct 28 19:36:08 2019    [3095, 6338, 6049, 5175, 5093, 5298, 7220, 7992, 2262, 2934, 8343, 3684, 8597, 2190, 44, 2416, 1474, 4463, 354, 5739, 3689, 3035, 1147, 9787, 2332, 542, 9806, 5928, 8111, 8447, 494, 5336, 8045, 4340, 1652, 5040, 1421, 1283, 802, 9503, 469, 9190, 810, 8716, 1404, 2467, 6012, 391, 4222, 1795, 6365, 7812, 1191, 4292, 9232, 4947, 3650, 8300, 9855, 5942]
38036.2920698    50    6000    3    Mon Oct 28 20:29:26 2019    [5222, 3860, 5281, 7869, 6406, 6116, 5431, 7934, 4074, 7999, 5707, 443, 970, 4905, 9848, 4292, 6950, 1872, 9218, 4093, 125, 9189, 2837, 4405, 8303, 1126, 1303, 42, 2424, 2482, 9873, 1516, 3094, 8378, 3689, 1133, 2403, 3685, 6293, 86, 1221, 9806, 8718, 2214, 6362, 4948, 2600, 3606, 8360, 714]