
8157.28096427    20    6000    3    Fri Dec  6 06:54:32 2019    [8510, 9294, 1985, 5228, 7686, 694, 3341, 6864, 6956, 4341, 7591, 6148, 9954, 8327, 1611, 5569, 3189, 5706, 5587, 2921]
8117.09266119    30    6000    3    Fri Dec  6 07:04:11 2019    [10085, 6875, 3173, 5176, 5756, 9090, 9279, 1965, 9761, 5880, 7151, 5757, 6065, 406, 11109, 9921, 4390, 7991, 8275, 3718, 11031, 7287, 6546, 5121, 6400, 2019, 428, 3577, 6316, 6186]
8099.62900368    40    6000    3    Fri Dec  6 07:26:44 2019    [3251, 3258, 3925, 8908, 1460, 6136, 1276, 5319, 9909, 4347, 1901, 9465, 6272, 11028, 7486, 7194, 6564, 9211, 3797, 8006, 8939, 6348, 2866, 5475, 6470, 9415, 9654, 5226, 5705, 8957, 9110, 11076, 8445, 7180, 5888, 4581, 407, 2241, 783, 133]
8212.26294956    5    6000    3    Fri Dec  6 07:33:38 2019    [9544, 6301, 7290, 3320, 6796]
8188.28666276    10    6000    3    Fri Dec  6 07:34:20 2019    [770, 3188, 7935, 5069, 7233, 9544, 9601, 6864, 11047, 7795]
8048.85941613    50    6000    3    Fri Dec  6 07:40:13 2019    [7146, 3950, 8056, 4351, 8062, 10116, 7387, 11055, 900, 4783, 2411, 9282, 11225, 5417, 6124, 3577, 6695, 1858, 2142, 6451, 9311, 6595, 363, 9941, 7840, 10155, 5375, 1416, 446, 2640, 5879, 617, 11091, 3883, 4456, 9331, 5477, 9424, 7233, 8913, 3189, 7529, 5705, 4165, 7971, 9198, 7377, 4370, 9886, 6973]
8053.68378312    60    6000    3    Fri Dec  6 07:45:48 2019    [6758, 7976, 3189, 901, 7138, 7481, 1531, 9759, 3293, 6351, 1881, 4121, 9909, 7187, 3003, 9927, 5802, 854, 11070, 5900, 1678, 4904, 750, 3615, 3726, 7719, 6629, 654, 9886, 2789, 10714, 8475, 6832, 5880, 9437, 9564, 3559, 11079, 849, 7092, 7175, 8794, 7564, 4929, 2057, 7140, 5625, 3157, 5512, 3931, 7337, 2083, 5380, 8972, 6831, 5025, 6567, 9546, 8324, 6182]
8016.30292344    70    6000    3    Fri Dec  6 07:56:09 2019    [9494, 2333, 4948, 6974, 10721, 4063, 3422, 5939, 872, 11168, 1609, 1074, 936, 10464, 7338, 11267, 9349, 3782, 6724, 866, 6114, 3425, 10485, 4540, 6194, 5368, 7785, 363, 3281, 10705, 11050, 9426, 8694, 9302, 9913, 6747, 9027, 4372, 1945, 6936, 9290, 9738, 9924, 3230, 7868, 7839, 931, 9172, 9236, 1360, 11069, 7145, 634, 5421, 4875, 632, 383, 4530, 770, 1469, 7618, 9845, 134, 1638, 10026, 9487, 1179, 9110, 11098, 9960]
7994.42302888    80    6000    3    Fri Dec  6 07:58:55 2019    [7864, 10377, 1978, 9226, 4058, 7726, 7473, 9217, 3022, 5380, 2303, 134, 7039, 11076, 7442, 3027, 11255, 9327, 3087, 2706, 5421, 9360, 5136, 9748, 5960, 7783, 843, 5373, 6650, 1425, 3174, 2481, 8213, 9560, 4417, 7346, 7030, 9980, 706, 6287, 9403, 7380, 5698, 10551, 386, 7879, 419, 4221, 5929, 8809, 5340, 6715, 10778, 4069, 512, 7593, 10031, 3478, 117, 1542, 8833, 9151, 9924, 6456, 1159, 5609, 2151, 9210, 7385, 3197, 5801, 4390, 1587, 10415, 6034, 3251, 1936, 10560, 4661, 6038]
10311.034483    20    6000    5    Tue Dec 10 00:04:29 2019    [6855, 1316, 3188, 9303, 7290, 7041, 3331, 1466, 2851, 5932, 4181, 6909, 6076, 9389, 6695, 5421, 5857, 9580, 4721, 2075]
14546.0008804    20    6000    10    Tue Dec 10 11:38:15 2019    [7971, 9270, 7079, 7724, 11017, 448, 8517, 9845, 1458, 9170, 10232, 7336, 3243, 692, 1715, 763, 410, 3310, 7005, 2851]
20486.5617881    20    6000    20    Wed Dec 11 07:57:10 2019    [7697, 405, 3251, 7972, 771, 2910, 6148, 1541, 2594, 3762, 3339, 9910, 3248, 9389, 7473, 5467, 1932, 11091, 4783, 5705]