%%%%%%%%%%%%%%%%%%%%%%%%%%%%%%%%%%%%%%%%%%%%%%
Thu Feb  6 11:25:44 2020 nblocks = 0 ET = 3.0
drained notdrained mean
0.0 0.0 0.0
-0.08814456684605787 0.0 -0.1015092956270096
-0.13132690788736845 0.0 -0.10612736011695628
-0.13873586382077363 0.0 -0.1031881708305835
-0.1544664178931061 0.0 -0.10395347047664555
-0.18755386619744563 0.0 -0.11029821538840927
-0.12639201217136709 0.0 -0.09425510098914192
-0.13002133831638218 0.0 -0.09495480819895012
-0.16776221068149155 0.0 -0.10332778667578837
-0.20963955865556727 -0.003561716588823316 -0.113806186296418
-0.23794801330323523 -0.0014101583792189842 -0.12017120563939403
-0.26819515094018875 -0.0032907569118663105 -0.12778906199162443
-0.29559294557835614 -0.005217222884745354 -0.13471944806616007
-0.32323374560509244 -0.009111013311407845 -0.1421694739859428
-0.3487248732057502 -0.013017655628086544 -0.14913993267958123
-0.37293043022280514 -0.016940427311407547 -0.15571813287396605
-0.3965016461495843 -0.020882893754942344 -0.1619683810374225
-0.41944938303505097 -0.02486180380145875 -0.16793848300312983
-0.44162974160863655 -0.02902693074697993 -0.173664379092112
-0.46300702003646776 -0.03360572764461267 -0.1791740494740553
-0.48357456022348444 -0.03817772852332446 -0.18448981207450613
-0.5029922457678939 -0.04239708250612395 -0.18942742966380077
-0.5223001986693703 -0.04689794015483173 -0.1943457238528932
-0.5416025433231706 -0.05156134194722917 -0.19918604482976743
-0.5592690052622942 -0.05497036599929217 -0.20319684155856615
-0.5784430775773419 -0.059700353121282745 -0.20779347587194538
-0.5300519486382136 -0.008714273011673157 -0.18309203708462185
-0.5412790064804351 -0.008033889407455419 -0.18549631858185847
-0.5540059132190045 -0.008363558899656454 -0.1883369818800577
-0.5723089014425877 -0.012512122087557032 -0.19335060308825064
-0.5906662875019695 -0.016674975156622196 -0.19818245894149722
-0.6041034840760364 -0.017595514344010965 -0.20082660641039857
-0.6220255561733712 -0.02178723548652428 -0.20542962592938746
-0.6392577313599439 -0.025823398330693692 -0.2097629625250181
-0.6560615830967649 -0.030223503282211794 -0.21398030912853297
-0.671776315586726 -0.034160044421032154 -0.21781270934218105
-0.6880406820293352 -0.038855977258346996 -0.22197420277690325
-0.7038941904005309 -0.043576083692599354 -0.22604081371670848
-0.7067345394254065 -0.03850850782470161 -0.22454371929034408
-0.7218442332644956 -0.04322265354784882 -0.22857882100620464
-0.7185786767805773 -0.03399973674036261 -0.22472120116452288
-0.7330655237206267 -0.03867652487968165 -0.2287762256505196
-0.7472437298437171 -0.04337617449376907 -0.23272602471783752
-0.7610952807960718 -0.048102138592620136 -0.23658459126581244
-0.7746094224611157 -0.05285654851145338 -0.24036065101428614
-0.787780776724258 -0.05764084559615412 -0.24406094059426686
-0.7412467083740584 -0.015581472865092039 -0.22202559786731213
-0.7414602733306097 -0.01137457071333614 -0.2209314663465816
-0.7240914793507969 0.0 -0.21270732932829792
-0.7370463105403431 -0.003908481994454149 -0.21715665738394785
-0.7483128381358553 -0.006987374442060101 -0.22074677514602623
-0.7594832474622644 -0.010132978896724154 -0.22421379286652113
-0.7721666177859934 -0.014368387654165815 -0.22827141956316604
-0.7830206483914735 -0.017513152767055118 -0.2315188706642133
-0.7953326327708075 -0.02174558489206113 -0.235390488690021
-0.8074194343826582 -0.02601748760299749 -0.23917287413609892
-0.8064069032964252 -0.021360804883617135 -0.237370077865459
-0.8086016480916856 -0.019438497919020747 -0.23709165103949265
-0.7851763546653068 -0.0007404640700059417 -0.2261436932312247
-0.7917825613506402 -0.0018334780914468496 -0.2281595356520879
-0.8032963680171621 -0.006215958554387058 -0.23216829795693206
-0.8138590066283182 -0.010023186326757028 -0.23570496829056586
-0.7924560779676497 0.0 -0.2258995620194526
-0.7856832914265581 0.0 -0.22264976324487454
-0.7874347076078854 0.0 -0.22290958781393386
-0.7979791977898714 -0.0030254700421235015 -0.22671071679842345
-0.8076264802852444 -0.005657560138178752 -0.230034367351893
-0.738474754603966 0.0 -0.20257214394028286
-0.7164850173547705 0.0 -0.19517163613922026
-0.7285007828532271 -0.0035617077291281163 -0.20027645719031192
-0.6874206064431423 0.0 -0.18591012307216442
-0.6810213014254387 0.0 -0.1845924747134971
-0.693969974452413 -0.0035617077291245636 -0.19001972362859396
-0.6917608130447075 0.0 -0.1893251549254715
-0.6924539007976911 0.0 -0.18977501292090918
-0.6932721897568275 0.0 -0.19019226199399397
-0.6870657760001357 0.0 -0.18809732413308827
-0.7006814830090615 -0.00356170900713515 -0.19324891485278534
-0.6601621913929279 0.0 -0.1790294343252646
-0.6741188552595769 -0.003561707729117458 -0.18462185110002707
-0.6859837542578155 -0.005855727341543826 -0.1890711103291204
-0.6999320126631581 -0.009619218081043712 -0.19412821448112516
-0.6852794597474432 0.0 -0.18799866350216607
-0.6992331141889476 -0.0035678855831928757 -0.19310939586004522
-0.7131102338430981 -0.007283997310283397 -0.19798889194853986
-0.6884648052220381 0.0 -0.18816309817215685
-0.7023220834378865 -0.0035617116400477045 -0.19327994190036024
-0.7051835139665137 -5.512972123256077e-07 -0.19389051921856418
-0.7063218438904073 0.0 -0.19391896638050568
-0.7175799461569135 -0.0019470090968081166 -0.197804557880628
-0.7298789205432819 -0.004822824755526867 -0.2019759628350493
-0.6498800170730359 0.0 -0.17365100577355086
-0.6541613981668348 0.0 -0.17609970440923345
-0.6682720292452196 -0.003564544457589136 -0.18178477260217735
-0.6824082044199837 -0.007273173119616061 -0.18714300128997835
-0.6964968016781832 -0.011042793127877815 -0.1922491170016114
-0.7104997433664373 -0.014849724148989552 -0.19714933188344705
-0.6851767239578344 0.0 -0.18665841621278653
-0.6991617965258161 -0.0035632185989751264 -0.1918145869377551
-0.7130684479599179 -0.0072710306072867326 -0.19672937427656995
-0.6618123579486124 0.0 -0.17799115907061852
-0.5968469445519844 0.0 -0.15900551290688567
-0.5275441345663339 0.0 -0.1426550639519929
-0.5411737972124353 -0.003561707729117458 -0.15073612559876787
-0.5557552286637151 -0.007265312409538538 -0.1579021649545186
-0.5589520328860189 -0.0026520518946853144 -0.15997775121038182
-0.5678287704349927 -0.0017211586806347157 -0.16379552432564942
-0.5840721229453987 -0.005658959262229146 -0.16993707963143853
-0.582268106770897 0.0 -0.168752218416833
-0.598846984465915 -0.0036586089137191635 -0.17459213128730838
-0.6156280416897673 -0.007501051632740285 -0.18012749725794475
-0.6324148476492866 -0.011410937561720402 -0.18541616948897824
-0.6366129585711136 -0.006972805717754937 -0.1855114697023222
-0.6523648212149453 -0.010496851746982117 -0.19034075440141932
-0.6610696077402434 -0.009484464266190429 -0.19223803952699467
-0.6640028548664247 -0.004802915647111661 -0.1918697451090501
-0.6731958548513113 -0.0044995087131827205 -0.19413404369524567
-0.6855437033622724 -0.0065155035849180365 -0.19767085641676518
-0.6881550560086218 -0.002228244164303561 -0.19726373434316097
-0.6967903977063656 -0.002183348424900089 -0.1993918900165861
-0.711556049085992 -0.006431280121367067 -0.2040099325313426
-0.5234507032927791 0.0 -0.14207112309849793
-0.537139525599823 -0.003561707729117458 -0.1504328838750603
-0.5288494322827084 0.0 -0.14990237662060804
-0.5374003287117972 0.0 -0.15461629460643994
-0.5430697830907558 0.0 -0.15767340876348526
-0.5472414682573774 0.0 -0.15980757905053875
-0.5596370871692145 -0.0006342871152487106 -0.1644860483895088
-0.5730060955920351 -0.0019108576085589135 -0.16907124675004356
-0.5877271252163236 -0.004034220375206843 -0.17381329073505217
-0.5852127005124874 0.0 -0.17177629435705874
-0.5983914899231593 -0.0008569468975885286 -0.1758474064232323
-0.6115875551592787 -0.0019168297375582455 -0.17969333829719802
-0.6286864335771813 -0.005780527962471638 -0.1849418237939642
-0.6407809431503271 -0.006418495009601344 -0.18804425701790525
-0.6574152607632389 -0.01032279269066727 -0.19297977982119544
-0.6709613507300194 -0.012399188574788056 -0.1966220993032498
-0.6768582144547786 -0.00961489108778224 -0.19716424731540652
-0.6799849541335075 -0.005196642185136824 -0.19671858562500347
-0.6889153654317077 -0.004850658026473553 -0.19876127857726542
-0.7039239095536036 -0.008772241848577167 -0.20330616188013245
-0.7188093195429914 -0.012820529928058377 -0.2077701419649847
-0.7207536444440636 -0.008503046284884519 -0.2068761231841802
-0.719383329728549 -0.002162821645484314 -0.20484649977905306
-0.7286317908015105 -0.0030980003622929075 -0.20729990301537185
-0.7425805628074711 -0.007337271163018855 -0.21167886052204088
-0.7562789615011605 -0.011565799110792696 -0.21592454423654717
-0.7505813490258957 -0.003192697702095515 -0.21214045533472436
-0.7592337844017099 -0.004403656073330708 -0.21450739716333322
-0.7722923307768603 -0.00865768985178228 -0.21870180494179797
-0.7851088658927496 -0.012893263983713155 -0.22277666233083546
-0.6983998248165051 0.0 -0.1883695711409987
-0.7113668951639394 -0.003561707729131669 -0.193620215706891
-0.7244143881169149 -0.007265312409732161 -0.19857135836041467
-0.7374703048802056 -0.011028803150241018 -0.20329745396367907
-0.7488238472264026 -0.01374490605993195 -0.20717658249741136
-0.7617125351196741 -0.017577799135835903 -0.2115913646875451
-0.7432627556204183 -0.000947292272833522 -0.20323296632711532
-0.7560221366941375 -0.005015263627768718 -0.20780944869345574
-0.768674284959352 -0.009087925677791375 -0.21220946212705524
-0.7811738577952161 -0.01313843915701618 -0.21646669517149844
-0.7338743233323131 0.0 -0.1973288060716522
-0.7464008835974649 -0.003561708446749634 -0.20217550581553326
-0.7340739386527133 0.0 -0.19735118214389152
-0.7433954905602143 -0.0013931178247617026 -0.2008635030577416
-0.7535241053848738 -0.0035056087901228494 -0.20452226747800054
-0.7509046085065592 0.0 -0.20306500471787373
-0.7482824963820303 0.0 -0.2018225083798717
-0.7606442754258111 -0.003453544929696406 -0.20636781566311813
-0.7730788650165552 -0.007158008518134196 -0.21080319382809604
-0.7853744591019529 -0.010923161456823038 -0.2150911045180693
-0.7974936165803772 -0.014726095016612817 -0.21925217609211226
-0.7977824225724142 -0.010972246347156656 -0.2185171281534382
-0.8095562901769124 -0.0148404836209437 -0.22260829240738658
-0.8209610073055789 -0.018630906783359436 -0.22651842537852712
-0.8284735885460135 -0.0200672372339028 -0.22880432148786922
-0.82975748098288 -0.017619461504850165 -0.22853439337110537
-0.840732674191119 -0.0215953018568964 -0.23239937451491852
-0.8514938922428437 -0.02563494030412805 -0.2361712934446645
-0.8620261970001204 -0.030085106453821453 -0.23986080649376623
-0.8723183976936655 -0.034603050657338486 -0.24347530545820253
-0.8823624996459936 -0.039167992994483924 -0.24701996167879436
-0.8921527472212398 -0.04377583591405099 -0.25049964053904705
-0.9016860904454411 -0.04842423931228623 -0.2539176925636055
-0.910961507894803 -0.053111594384567695 -0.25727763294490685
-0.9199794264568801 -0.057837013771509405 -0.2605825645714832
-0.9287414877137845 -0.06260018244924126 -0.26383541215491113
-0.9372501328926743 -0.06740114750364157 -0.26703869468746033
-0.9455085801592649 -0.07223965576621438 -0.27019467803771
-0.9535209588523497 -0.07711324995342039 -0.27330570513130303
-0.96129188154472 -0.08200372189438276 -0.27637375171190975
-0.9688263231010144 -0.08689371108025767 -0.2794008009471692
-0.9761295397497145 -0.09178468453598043 -0.2823887539772016
-0.9699755984411329 -0.08604120430170781 -0.2795635954681904
-0.8255332373191511 0.0 -0.2187147020209321
-0.8336173341505875 -0.003561713335278327 -0.22333119903005172
-0.7961128246343598 0.0 -0.2101471129939048
-0.7485989607066745 0.0 -0.1946781026051447
-0.7457518339105977 0.0 -0.1953409117045041
-0.7250583803920962 0.0 -0.1896498601588761
-0.7346862192804791 -0.002694270764198592 -0.19454103918777227
-0.7336674785438007 0.0 -0.19496894493307626
-0.7452602086676183 -0.003656236094256471 -0.20002913236446496
-0.7570187490194558 -0.007458035996908308 -0.20485252682736427
-0.7632457214652897 -0.0076222743370202295 -0.2072388695749361
-0.7645525833737334 -0.004558279346559502 -0.2075562942831218
-0.6180111930487477 0.0 -0.16003232126106284
-0.6291473835034687 -0.002477411522967543 -0.16661416803563786
-0.5870840424051131 0.0 -0.1560666672572312
-0.5880571911063122 0.0 -0.15908852032223791
-0.5982949303329583 -0.001067835314678689 -0.1644970711898648
-0.612820942572224 -0.004819258675253124 -0.17079665364205865
-0.6217340744828679 -0.004514284807001445 -0.1743928231770983
-0.6369399436566958 -0.008355167302296351 -0.18009554276497763
-0.6360002804951979 -0.001265377726964445 -0.179248357227163
-0.6388816706119034 0.0 -0.18000229028428988
-0.6015544590978514 0.0 -0.1673147724811064
-0.6166137067571853 -0.003561707729122787 -0.17341350559234925
-0.6196707109268811 0.0 -0.1744779867650132
-0.6351903068355274 -0.003714091090992966 -0.18010602362874661
-0.6507983238571526 -0.007564533247654381 -0.18545218332661006
-0.6369454428046151 0.0 -0.17942916525656066
-0.6524311167017718 -0.0035622098563621307 -0.18482976536823395
-0.667835807531624 -0.007267339484291924 -0.18997181609531588
-0.6830593116924781 -0.011033644099764928 -0.19490710137109601
-0.6980566651381199 -0.014838166478885029 -0.19966611459295264
-0.7128163155405058 -0.018676418357282287 -0.20426987987734133
-0.727322052285067 -0.02255030178246109 -0.20873595439286885
-0.7415518473855478 -0.026493668214635946 -0.2130783736322176
-0.7554793485398532 -0.03090628034297538 -0.21730736051370658
-0.7563535954724543 -0.02582280334628706 -0.21608592240437516
-0.7697165536498742 -0.030209655217317888 -0.22026496433400367
-0.7700215143017406 -0.02516766317520336 -0.21897592838860205
-0.780237735995037 -0.027652956425059827 -0.22199099158118898
-0.7890434512924411 -0.02934121125022493 -0.22443381660267783
-0.8014156964886485 -0.033880075204500315 -0.2284180202565717
-0.8135210504894062 -0.038452954673170225 -0.2323050379711132
-0.825348786815038 -0.04306569500402446 -0.23610465199119327
-0.836890744749625 -0.047718804612520316 -0.2398235429664157
-0.8481402733107979 -0.05241084413672503 -0.24346731145009293
-0.8590940507304561 -0.057140599356182875 -0.24704065098569072
-0.8697508848804247 -0.06190749999706213 -0.25054794160778837
-0.8801113156185165 -0.06671147360364138 -0.25399301258795204
-0.8901769831430428 -0.07155230422096714 -0.2573790441015823
-0.8996131149858897 -0.07615811754587831 -0.26056302506201495
-0.8964183935070578 -0.07085500157957014 -0.25834662135445785
-0.9037001379675571 -0.07411262914538419 -0.2608236644811295
-0.9117804690988507 -0.07819216544872987 -0.26369540481480186
-0.7991571337270269 0.0 -0.21559532445226928
-0.8051347256947441 -0.0011806317071147987 -0.21869615927883396
-0.8136695581593854 -0.004071992990782647 -0.222535332461983
-0.8236805672693777 -0.007903235302324063 -0.22674842886545477
-0.833758736241478 -0.011769813469177492 -0.23080950275107218
-0.8438401946994922 -0.015665927742647412 -0.2347433970563898
-0.8511926509643404 -0.01785732779867466 -0.23744560633272638
-0.8547806706458303 -0.01769337980232777 -0.23852864348282946
-0.8517099979922786 -0.013297509451792422 -0.23683111177955565
-0.8615788842829222 -0.0173012669272552 -0.24062329284757783
-0.8654615065394031 -0.01753237889452386 -0.24184030564929052
-0.8751330256563756 -0.021586835980356156 -0.2455081853256592
-0.8846634941881222 -0.02570358705016318 -0.24908950888705084
-0.8940289793196943 -0.030190609771469923 -0.2525941445034392
-0.9032113208249752 -0.03478262801088228 -0.25602897562621574
-0.912196633548918 -0.039422601371157384 -0.25939969082316244
-0.9209746119061171 -0.04409948918525153 -0.26271074685016776
-0.9215611300286666 -0.04283430588697534 -0.26253061804604894
-0.9168582639727063 -0.037744366034715426 -0.2601727367599971
-0.9065284455120066 -0.028623313267102546 -0.2555380363197084
-0.8640699202262452 0.0 -0.23764790549851825
-0.8710372631026564 -0.0027841131860792956 -0.24088574484918215
-0.8797577676624844 -0.006908908267844183 -0.24469087455250665
-0.864056173659784 0.0 -0.23825389573713346
-0.8702648307658869 -0.0019383591026080893 -0.24100135717742305
-0.8791985012374317 -0.005849465413451327 -0.244767304658177
-0.8200354134658383 0.0 -0.22125065392329962
-0.8294280946609156 -0.003561707731520869 -0.22564435233886296
-0.8389645190162103 -0.007265312434805438 -0.22983292733080063
-0.848570609923005 -0.011028803290486167 -0.23386197149647792
-0.8565084095143618 -0.013744906615174912 -0.23706530200771245
-0.8660915855260853 -0.01757780088221672 -0.24087045862756165
-0.8744179633217692 -0.02068339041015932 -0.24408241143573853
-0.882973643065335 -0.024046016437676343 -0.2473583950776956
-0.8922385090668321 -0.02808664534735783 -0.2509171010777405
-0.8793889468960225 -0.016651952020060534 -0.24510656709938244
-0.7828417249644737 0.0 -0.2076210876031965
-0.7923495925490638 -0.0033448484878917384 -0.21240107994081214
-0.7949644031867384 -0.0021691283462832445 -0.21406678957694822
-0.8052497927176008 -0.005972914886765324 -0.21858033019243567
-0.8156328018694143 -0.009815363541989086 -0.2229015340444635
-0.826043545316062 -0.013679450470887033 -0.22706504466846758
-0.8364234028398041 -0.017564400636288724 -0.2310954310243411
-0.8467232938732794 -0.021472930844742777 -0.23501101206407868
-0.846850974505517 -0.018885424013530994 -0.23463769152060826
-0.8569599934792507 -0.02283122326073972 -0.238475433841343
-0.8595445926599314 -0.02201690977086379 -0.23912285856255103
-0.8620197109710785 -0.021219471511267685 -0.23976511582792823
-0.8717842138718979 -0.025248494672940325 -0.24348970100938408
-0.8810600271730538 -0.029411049266444778 -0.24698046480304214
-0.8888160809475671 -0.03269508825765577 -0.24982183988287224
-0.8825542146688532 -0.02585039822834112 -0.24674132405300434
-0.8917522522998613 -0.030326298505423566 -0.250335028332933
-0.8227826266790164 0.0 -0.22193450655151312
-0.8262878088437029 0.0 -0.2239072198904384
-0.8359431506978421 -0.0037468075743056772 -0.2281436508881125
-0.8394670088658653 -0.0035780327734826756 -0.22968334937427043
-0.8453751765085364 -0.004957960927338689 -0.23211155009997606
-0.85027519391849 -0.005700951499425955 -0.23403776478671395
-0.841402600338018 0.0 -0.23033775773705287
-0.8378144273510895 0.0 -0.22897076933388982
-0.8476728579762653 -0.0035727287450804113 -0.2329947354901812
-0.7889544196183325 0.0 -0.2107708535174189
-0.7992231127510898 -0.0035617077291281163 -0.21546732849936026
-0.7967863463503368 0.0 -0.2148721658490033
-0.7857500597369329 0.0 -0.21118295011304297
-0.7923566837178226 -0.0008509705711361448 -0.21412545270393366
-0.8015303206420379 -0.0035266083709295515 -0.21789413566538884
-0.8123789583537881 -0.00735187074594279 -0.22217835654025386
-0.7803875219421563 0.0 -0.209840598628002
-0.7722239631279431 0.0 -0.20733401690725156
-0.7318646429297582 0.0 -0.19392019500584323
-0.730808952207088 0.0 -0.19458662232458165
-0.7426659163565148 -0.0035617165888250923 -0.1997401733967803
-0.7278537884553069 0.0 -0.1947997932346382
-0.7362771445763299 -0.001067828105133728 -0.19844134456455514
-0.7413422741292113 -4.832310517777216e-05 -0.2005508283190571
-0.7200027935990443 0.0 -0.1932251013179922
-0.6481093631887962 0.0 -0.17119782210346784
-0.6331025461040056 0.0 -0.16863977273962102
-0.64182255024045 -0.0003088191106623839 -0.17326726668973835
-0.6519721160661085 -0.0016062589062464383 -0.17788337008853486
-0.5677369600145106 0.0 -0.15377154684923508
-0.5693162997563253 0.0 -0.15723994645530673
-0.5382513059027545 0.0 -0.1508507985794774
-0.5263950677652129 0.0 -0.15030519986359064
-0.4972966822286171 0.0 -0.144951790693055
-0.5133554718260918 -0.003561707729117458 -0.15262399033132984
-0.5295579922430065 -0.0071568827889230135 -0.15949615455299865
-0.5352647888943558 -0.00333030008536106 -0.161814496838536
-0.497418637729643 0.0 -0.15016077834646646
-0.5114451334015193 -0.0010678264549692784 -0.15593401464583717
-0.528992237772357 -0.004819217035921142 -0.16249876734867139
-0.4791668694406752 0.0 -0.1469818224070309
-0.4978004149449031 -0.003561707729117458 -0.15427203577295814
-0.463761810047183 0.0 -0.14436166086556929
-0.48143011839507643 -0.0023689819023502423 -0.15117665620414317
-0.4980593392497603 -0.00445760838443654 -0.15710149402480952
-0.48753006232134055 0.0 -0.15320079259966382
-0.45491885733810555 0.0 -0.14380046930222862
-0.47450982724219415 -0.0033448484878881857 -0.15108941478877533
-0.4893212017199762 -0.0037955726554592673 -0.15608543037619566
-0.502347585606552 -0.00333731662617609 -0.16017923305236784
-0.5141180776947252 -0.0022868561992446246 -0.1636434917335881
-0.5322125675581315 -0.005869778619853605 -0.1694241533563567
-0.5342149402918661 0.0 -0.1687037739595038
-0.4616973066732495 0.0 -0.14481612607322872
-0.4810899279087941 -0.0032364188672726613 -0.15202131369601105
-0.4885925338324526 0.0 -0.15434242926658942
-0.43316186090369513 0.0 -0.1380414534213312
-0.4408302947072471 0.0 -0.14161349330791717
-0.45943105858733624 -0.002152123650176918 -0.14832024345553815
-0.47421352410818685 -0.002076083379142446 -0.15315919993945973
-0.4778950957375745 0.0 -0.1537890144446617
-0.4645767541029766 0.0 -0.14913554402887827
-0.4829672403752756 -0.0024774115229746485 -0.15535204851260484
-0.4931792654051108 0.0 -0.15820149541821715
-0.4716088601895674 0.0 -0.15054727517293331
-0.4913164713912348 -0.003561707729121011 -0.15725905932264145