
39175.417252472507    4    3000    3    Fri Oct 25 20:47:23 2019    [1305, 8534, 3096, 391]
39198.212910993767    2    3000    3    Fri Oct 25 20:51:46 2019    [6538, 483]
39027.523553302475   12    3000    3    Fri Oct 25 21:02:10 2019    [1795, 4214, 9795, 281, 5980, 1310, 8332, 4412, 8211, 4334, 2853, 9230]
39029.559107120403   14    3000    3    Fri Oct 25 21:04:09 2019    [6206, 6931, 7957, 5498, 8361, 83, 4502, 5509, 41, 315, 6538, 1798, 8785, 1458]
39073.918587047505    6    3000    3    Fri Oct 25 21:04:54 2019    [1269, 6268, 5977, 8722, 1221, 354]
39038.882495299746    10    3000    3    Fri Oct 25 21:08:44 2019    [6161, 7414, 7850, 2402, 5927, 6002, 390, 3629, 3271, 3278]
38943.893496779208    16    3000    3    Fri Oct 25 21:12:06 2019    [4555, 6160, 2892, 1249, 830, 4666, 5885, 5255, 6812, 739, 4622, 9234, 442, 1222, 2108, 6809]
39119.937169451601    8    3000    3    Fri Oct 25 21:20:09 2019    [443, 7992, 3655, 8500, 3881, 9231, 2957, 6431]
38986.203186399624    18    3000    3    Fri Oct 25 21:46:57 2019    [8690, 5628, 5159, 7388, 8562, 2564, 3907, 328, 2203, 4811, 1221, 9795, 7188, 1669, 6108, 8995, 9968, 8943]
38924.825755362224    20    3000    3    Fri Oct 25 21:54:54 2019    [3874, 249, 4608, 1107, 1922, 4412, 7999, 2697, 8300, 1773, 3629, 7473, 5806, 277, 257, 496, 1396, 4622, 1879, 1223]

38696.044706732246    30    6000    3    Mon Oct 28 19:16:54 2019    [7871, 525, 7475, 48, 1607, 4332, 1186, 3583, 9405, 3196, 342, 8889, 1889, 9886, 281, 714, 2405, 9629, 4955, 8644, 2617, 1221, 7616, 1249, 487, 7969, 970, 6652, 6637, 1156]
38701.013624027801    40    6000    3    Mon Oct 28 19:31:15 2019    [8375, 391, 6619, 139, 1106, 5430, 4790, 8787, 4498, 2348, 955, 2420, 9883, 8549, 6299, 9732, 5300, 247, 5128, 2453, 8380, 6012, 4481, 2415, 7846, 2489, 1820, 3228, 2631, 6448, 1985, 2108, 3938, 5825, 5094, 3098, 4949, 1340, 6021, 5356]
38426.009757514927    50    6000    3    Mon Oct 28 19:41:20 2019    [1911, 5464, 1133, 1851, 2050, 5979, 3945, 458, 9598, 8111, 8510, 5242, 3577, 9800, 3447, 1011, 8208, 3457, 8862, 8504, 5000, 7784, 564, 609, 4317, 8940, 9039, 7108, 4097, 4339, 7913, 8638, 6037, 3199, 4762, 8646, 4239, 2250, 9689, 7332, 4947, 3554, 6303, 6353, 7960, 7943, 1098, 3414, 4354, 3043]

7631.97221604    10    100    3    Fri Nov 29 14:41:18 2019    [9176, 7240, 10154, 3856, 7864, 9267, 7564, 2654, 6728, 7629]
7631.15078658    5    6000    3    Sat Nov 30 01:15:19 2019    [3305, 5359, 6913, 9845, 11017]
7584.84836511    30    6000    3    Sat Nov 30 01:18:29 2019    [6480, 1445, 10952, 8452, 5170, 11196, 2907, 4786, 1501, 4842, 823, 133, 9049, 4267, 1964, 5519, 6164, 9089, 7688, 6394, 110, 8678, 11180, 9481, 6293, 7097, 4373, 5337, 6920, 5309]
7616.0231493    10    6000    3    Sat Nov 30 01:35:55 2019    [5053, 11160, 9280, 4015, 3288, 3174, 6795, 7242, 3586, 7148]
7560.41994514    40    6000    3    Sat Nov 30 02:11:58 2019    [2216, 1642, 7571, 5932, 5006, 7616, 4167, 9003, 6974, 9897, 8199, 4783, 6349, 1547, 4257, 4752, 5248, 6143, 546, 2236, 9111, 6455, 4151, 3671, 9502, 10525, 4621, 2236, 694, 4391, 5369, 7287, 1661, 11091, 199, 1622, 2059, 6567, 8019, 10468]
7533.55623074    70    6000    3    Sat Nov 30 03:38:15 2019    [2105, 7389, 7738, 4656, 8603, 8442, 10179, 5383, 2414, 9978, 1499, 4676, 4432, 10532, 8672, 10311, 3174, 11045, 7725, 7681, 10985, 6911, 2179, 8389, 3645, 5813, 6033, 7555, 3501, 10176, 3223, 8580, 5311, 279, 5033, 10462, 4169, 6143, 3601, 6596, 6451, 6245, 9105, 692, 273, 6304, 2304, 1931, 3020, 10267, 10047, 10860, 9051, 5837, 5708, 2642, 6197, 6169, 8914, 6936, 9109, 68, 9283, 586, 11175, 9047, 3512, 7563, 3079, 5873]
7506.85005224    80    6000    3    Sat Nov 30 04:00:21 2019    [3022, 2150, 6950, 6231, 2201, 10397, 6261, 3449, 7287, 2229, 7730, 1591, 1708, 10330, 6277, 10515, 5617, 6934, 10705, 4710, 8148, 136, 840, 8450, 5304, 8545, 3914, 7443, 1036, 5627, 9140, 409, 10411, 2104, 7736, 1001, 1033, 4548, 7584, 3541, 2271, 5476, 9794, 2630, 9041, 3905, 10807, 860, 8848, 4233, 491, 10980, 4225, 7285, 7796, 4765, 6258, 9087, 3638, 7310, 6211, 59, 4441, 1976, 6909, 300, 9886, 10364, 6246, 5270, 3186, 771, 3765, 10708, 8598, 6163, 6521, 657, 8343, 2689]
7551.5728708    60    6000    3    Sat Nov 30 04:00:57 2019    [8958, 811, 3765, 7385, 5770, 9003, 5538, 8788, 11291, 3710, 4023, 461, 5623, 4885, 754, 6365, 10513, 7435, 2420, 1029, 10513, 5127, 3288, 5708, 5479, 9862, 10696, 9859, 2654, 627, 467, 10265, 6763, 587, 1635, 5747, 5168, 6324, 2914, 8361, 8226, 1976, 3100, 9211, 321, 1215, 3285, 985, 8578, 10281, 5459, 4120, 6827, 8263, 9829, 8564, 2052, 9015, 7045, 104]
7512.4159922    20    6000    3    Mon Dec  2 23:10:31 2019    [9071, 8698, 692, 6796, 5707, 5477, 150, 4012, 1853, 1316, 3483, 9259, 6945, 3189, 1526, 7243, 7529, 7007, 6272, 408]
7560.74377876    10    6000    3    Tue Dec  3 18:35:15 2019    [5840, 9375, 7338, 4368, 7971, 3173, 9413, 784, 9089, 2052]
7606.75460665    5    6000    3    Tue Dec  3 19:07:08 2019    [6939, 9071, 3306, 7289, 7191]
7469.52735378    30    6000    3    Tue Dec  3 19:30:31 2019    [2264, 4368, 6907, 1483, 3341, 7530, 6972, 9090, 617, 9270, 6231, 5848, 6974, 3425, 9886, 9240, 7243, 770, 7234, 1448, 3511, 1932, 10013, 3173, 5663, 1964, 133, 8859, 3858, 6909]
7328.38525378    80    6000    3    Tue Dec  3 19:42:50 2019    [1467, 5708, 10546, 11083, 6317, 3699, 9364, 8712, 3450, 6327, 9453, 1610, 3402, 5380, 9793, 7234, 871, 6909, 6945, 3265, 7021, 6785, 11045, 3342, 5365, 2839, 10056, 8184, 363, 2674, 9198, 5478, 7971, 636, 7697, 7338, 7339, 8159, 30, 5137, 3174, 10116, 9071, 9283, 7885, 5761, 144, 6523, 5932, 2911, 6377, 770, 7816, 1622, 7442, 2037, 9865, 10073, 7928, 9560, 6907, 8236, 10099, 142, 1902, 3405, 9211, 11255, 9481, 2832, 1445, 8784, 4520, 716, 5359, 9089, 6917, 9316, 3281, 7042]
7442.68111892    40    6000    3    Tue Dec  3 19:50:05 2019    [11213, 7840, 9047, 5844, 6907, 7150, 135, 6374, 7589, 6974, 9933, 1678, 3189, 9305, 8800, 9349, 5512, 6327, 7243, 7564, 783, 8698, 3425, 7064, 8015, 2117, 856, 7032, 1482, 4562, 3451, 4417, 11157, 11017, 11072, 5705, 9132, 6946, 5621, 401]
7368.1619904    70    6000    3    Tue Dec  3 19:50:40 2019    [8505, 142, 910, 5892, 8072, 7263, 6946, 5359, 204, 5527, 9271, 11205, 2832, 5698, 6969, 8452, 1325, 6027, 7381, 4373, 7189, 6812, 3281, 6771, 5062, 7797, 5900, 7343, 9453, 6213, 6591, 7076, 5929, 2669, 5086, 385, 1678, 2430, 9868, 6571, 9759, 1547, 5169, 720, 7726, 7530, 7290, 5193, 1883, 6573, 7203, 5566, 2007, 8052, 11047, 2676, 4310, 7925, 3558, 6909, 9089, 3719, 6026, 9502, 5910, 7045, 4133, 1250, 8847, 3188]
7421.4193097    50    6000    3    Tue Dec  3 19:53:13 2019    [3407, 6938, 6258, 5467, 1853, 6763, 3274, 9891, 6873, 5621, 8399, 2120, 6149, 7050, 1316, 7725, 8981, 9544, 4783, 9174, 6300, 2321, 5278, 4137, 3187, 3219, 7233, 9832, 2933, 8510, 7003, 9375, 3294, 692, 7519, 6420, 3368, 3577, 6110, 6026, 2419, 7045, 127, 9626, 5835, 6866, 9270, 7290, 8739, 6796]
7391.10301562    60    6000    3    Tue Dec  3 20:23:17 2019    [2530, 8399, 7087, 8363, 7938, 1895, 5512, 8097, 5838, 7808, 7672, 2242, 3431, 6771, 5702, 715, 6969, 9302, 7847, 7337, 10536, 1316, 9090, 4023, 140, 8412, 7391, 9565, 6372, 5663, 6703, 3173, 9573, 6864, 9232, 557, 1932, 4320, 3853, 7585, 420, 6783, 3531, 4414, 9170, 5521, 1164, 6065, 1527, 5879, 11047, 8607, 6188, 866, 783, 8597, 9089, 7242, 10140, 150]